(kicad_pcb (version 20171130) (host pcbnew "(5.1.4)-1")

  (general
    (thickness 1.6)
    (drawings 19)
    (tracks 39)
    (zones 0)
    (modules 12)
    (nets 10)
  )

  (page A4)
  (layers
    (0 F.Cu signal)
    (31 B.Cu signal)
    (32 B.Adhes user)
    (33 F.Adhes user)
    (34 B.Paste user)
    (35 F.Paste user)
    (36 B.SilkS user)
    (37 F.SilkS user)
    (38 B.Mask user)
    (39 F.Mask user)
    (40 Dwgs.User user)
    (41 Cmts.User user)
    (42 Eco1.User user)
    (43 Eco2.User user)
    (44 Edge.Cuts user)
    (45 Margin user)
    (46 B.CrtYd user)
    (47 F.CrtYd user)
    (48 B.Fab user)
    (49 F.Fab user hide)
  )

  (setup
    (last_trace_width 0.381)
    (user_trace_width 0.2032)
    (user_trace_width 0.254)
    (user_trace_width 0.381)
    (trace_clearance 0.2)
    (zone_clearance 0.508)
    (zone_45_only no)
    (trace_min 0.2)
    (via_size 0.8)
    (via_drill 0.4)
    (via_min_size 0.4)
    (via_min_drill 0.3)
    (uvia_size 0.3)
    (uvia_drill 0.1)
    (uvias_allowed no)
    (uvia_min_size 0.2)
    (uvia_min_drill 0.1)
    (edge_width 0.05)
    (segment_width 0.2)
    (pcb_text_width 0.3)
    (pcb_text_size 1.5 1.5)
    (mod_edge_width 0.12)
    (mod_text_size 1 1)
    (mod_text_width 0.15)
    (pad_size 1.524 1.524)
    (pad_drill 0.762)
    (pad_to_mask_clearance 0.051)
    (solder_mask_min_width 0.25)
    (aux_axis_origin 0 0)
    (visible_elements FFFFFF7F)
    (pcbplotparams
      (layerselection 0x010fc_ffffffff)
      (usegerberextensions false)
      (usegerberattributes false)
      (usegerberadvancedattributes false)
      (creategerberjobfile false)
      (excludeedgelayer true)
      (linewidth 0.100000)
      (plotframeref false)
      (viasonmask false)
      (mode 1)
      (useauxorigin false)
      (hpglpennumber 1)
      (hpglpenspeed 20)
      (hpglpendiameter 15.000000)
      (psnegative false)
      (psa4output false)
      (plotreference true)
      (plotvalue true)
      (plotinvisibletext false)
      (padsonsilk false)
      (subtractmaskfromsilk false)
      (outputformat 1)
      (mirror false)
      (drillshape 1)
      (scaleselection 1)
      (outputdirectory ""))
  )

  (net 0 "")
  (net 1 /+3.3V)
  (net 2 /GPIO_EN)
  (net 3 GND)
  (net 4 /Vth)
  (net 5 /Vref)
  (net 6 "Net-(Q1-Pad1)")
  (net 7 "Net-(Q1-Pad3)")
  (net 8 "Net-(Q2-Pad3)")
  (net 9 "Net-(Q2-Pad1)")

  (net_class Default "This is the default net class."
    (clearance 0.2)
    (trace_width 0.25)
    (via_dia 0.8)
    (via_drill 0.4)
    (uvia_dia 0.3)
    (uvia_drill 0.1)
    (add_net /+3.3V)
    (add_net /GPIO_EN)
    (add_net /Vref)
    (add_net /Vth)
    (add_net GND)
    (add_net "Net-(Q1-Pad1)")
    (add_net "Net-(Q1-Pad3)")
    (add_net "Net-(Q2-Pad1)")
    (add_net "Net-(Q2-Pad3)")
  )

  (module Connector_PinHeader_2.54mm:PinHeader_1x03_P2.54mm_Vertical (layer F.Cu) (tedit 59FED5CC) (tstamp 5DE2C752)
    (at -1.27 -4.826)
    (descr "Through hole straight pin header, 1x03, 2.54mm pitch, single row")
    (tags "Through hole pin header THT 1x03 2.54mm single row")
    (path /5DE33EDA)
    (fp_text reference J1 (at 0 -2.33) (layer F.SilkS)
      (effects (font (size 1 1) (thickness 0.15)))
    )
    (fp_text value "POW / Control" (at 0 7.41) (layer F.Fab)
      (effects (font (size 1 1) (thickness 0.15)))
    )
    (fp_line (start -0.635 -1.27) (end 1.27 -1.27) (layer F.Fab) (width 0.1))
    (fp_line (start 1.27 -1.27) (end 1.27 6.35) (layer F.Fab) (width 0.1))
    (fp_line (start 1.27 6.35) (end -1.27 6.35) (layer F.Fab) (width 0.1))
    (fp_line (start -1.27 6.35) (end -1.27 -0.635) (layer F.Fab) (width 0.1))
    (fp_line (start -1.27 -0.635) (end -0.635 -1.27) (layer F.Fab) (width 0.1))
    (fp_line (start -1.33 6.41) (end 1.33 6.41) (layer F.SilkS) (width 0.12))
    (fp_line (start -1.33 1.27) (end -1.33 6.41) (layer F.SilkS) (width 0.12))
    (fp_line (start 1.33 1.27) (end 1.33 6.41) (layer F.SilkS) (width 0.12))
    (fp_line (start -1.33 1.27) (end 1.33 1.27) (layer F.SilkS) (width 0.12))
    (fp_line (start -1.33 0) (end -1.33 -1.33) (layer F.SilkS) (width 0.12))
    (fp_line (start -1.33 -1.33) (end 0 -1.33) (layer F.SilkS) (width 0.12))
    (fp_line (start -1.8 -1.8) (end -1.8 6.85) (layer F.CrtYd) (width 0.05))
    (fp_line (start -1.8 6.85) (end 1.8 6.85) (layer F.CrtYd) (width 0.05))
    (fp_line (start 1.8 6.85) (end 1.8 -1.8) (layer F.CrtYd) (width 0.05))
    (fp_line (start 1.8 -1.8) (end -1.8 -1.8) (layer F.CrtYd) (width 0.05))
    (fp_text user %R (at 0 2.54 90) (layer F.Fab)
      (effects (font (size 1 1) (thickness 0.15)))
    )
    (pad 1 thru_hole rect (at 0 0) (size 1.7 1.7) (drill 1) (layers *.Cu *.Mask)
      (net 1 /+3.3V))
    (pad 2 thru_hole oval (at 0 2.54) (size 1.7 1.7) (drill 1) (layers *.Cu *.Mask)
      (net 2 /GPIO_EN))
    (pad 3 thru_hole oval (at 0 5.08) (size 1.7 1.7) (drill 1) (layers *.Cu *.Mask)
      (net 3 GND))
    (model ${KISYS3DMOD}/Connector_PinHeader_2.54mm.3dshapes/PinHeader_1x03_P2.54mm_Vertical.wrl
      (at (xyz 0 0 0))
      (scale (xyz 1 1 1))
      (rotate (xyz 0 0 0))
    )
  )

  (module Connector_PinHeader_2.54mm:PinHeader_1x02_P2.54mm_Vertical (layer F.Cu) (tedit 59FED5CC) (tstamp 5DE2D915)
    (at 7.366 8.128 90)
    (descr "Through hole straight pin header, 1x02, 2.54mm pitch, single row")
    (tags "Through hole pin header THT 1x02 2.54mm single row")
    (path /5DE4DB18)
    (fp_text reference J2 (at 2.54 1.016 180) (layer F.SilkS)
      (effects (font (size 1 1) (thickness 0.15)))
    )
    (fp_text value "Termistor 10k" (at 0 4.87 90) (layer F.Fab)
      (effects (font (size 1 1) (thickness 0.15)))
    )
    (fp_text user %R (at 0 1.27) (layer F.Fab)
      (effects (font (size 1 1) (thickness 0.15)))
    )
    (fp_line (start 1.8 -1.8) (end -1.8 -1.8) (layer F.CrtYd) (width 0.05))
    (fp_line (start 1.8 4.35) (end 1.8 -1.8) (layer F.CrtYd) (width 0.05))
    (fp_line (start -1.8 4.35) (end 1.8 4.35) (layer F.CrtYd) (width 0.05))
    (fp_line (start -1.8 -1.8) (end -1.8 4.35) (layer F.CrtYd) (width 0.05))
    (fp_line (start -1.33 -1.33) (end 0 -1.33) (layer F.SilkS) (width 0.12))
    (fp_line (start -1.33 0) (end -1.33 -1.33) (layer F.SilkS) (width 0.12))
    (fp_line (start -1.33 1.27) (end 1.33 1.27) (layer F.SilkS) (width 0.12))
    (fp_line (start 1.33 1.27) (end 1.33 3.87) (layer F.SilkS) (width 0.12))
    (fp_line (start -1.33 1.27) (end -1.33 3.87) (layer F.SilkS) (width 0.12))
    (fp_line (start -1.33 3.87) (end 1.33 3.87) (layer F.SilkS) (width 0.12))
    (fp_line (start -1.27 -0.635) (end -0.635 -1.27) (layer F.Fab) (width 0.1))
    (fp_line (start -1.27 3.81) (end -1.27 -0.635) (layer F.Fab) (width 0.1))
    (fp_line (start 1.27 3.81) (end -1.27 3.81) (layer F.Fab) (width 0.1))
    (fp_line (start 1.27 -1.27) (end 1.27 3.81) (layer F.Fab) (width 0.1))
    (fp_line (start -0.635 -1.27) (end 1.27 -1.27) (layer F.Fab) (width 0.1))
    (pad 2 thru_hole oval (at 0 2.54 90) (size 1.7 1.7) (drill 1) (layers *.Cu *.Mask)
      (net 3 GND))
    (pad 1 thru_hole rect (at 0 0 90) (size 1.7 1.7) (drill 1) (layers *.Cu *.Mask)
      (net 4 /Vth))
    (model ${KISYS3DMOD}/Connector_PinHeader_2.54mm.3dshapes/PinHeader_1x02_P2.54mm_Vertical.wrl
      (at (xyz 0 0 0))
      (scale (xyz 1 1 1))
      (rotate (xyz 0 0 0))
    )
  )

  (module Connector_PinHeader_2.54mm:PinHeader_1x02_P2.54mm_Vertical (layer F.Cu) (tedit 59FED5CC) (tstamp 5DE2D86A)
    (at 11.938 0.762)
    (descr "Through hole straight pin header, 1x02, 2.54mm pitch, single row")
    (tags "Through hole pin header THT 1x02 2.54mm single row")
    (path /5DE348DC)
    (fp_text reference J3 (at 0 -2.33) (layer F.SilkS)
      (effects (font (size 1 1) (thickness 0.15)))
    )
    (fp_text value "ADC Inputs" (at 0 4.87) (layer F.Fab)
      (effects (font (size 1 1) (thickness 0.15)))
    )
    (fp_line (start -0.635 -1.27) (end 1.27 -1.27) (layer F.Fab) (width 0.1))
    (fp_line (start 1.27 -1.27) (end 1.27 3.81) (layer F.Fab) (width 0.1))
    (fp_line (start 1.27 3.81) (end -1.27 3.81) (layer F.Fab) (width 0.1))
    (fp_line (start -1.27 3.81) (end -1.27 -0.635) (layer F.Fab) (width 0.1))
    (fp_line (start -1.27 -0.635) (end -0.635 -1.27) (layer F.Fab) (width 0.1))
    (fp_line (start -1.33 3.87) (end 1.33 3.87) (layer F.SilkS) (width 0.12))
    (fp_line (start -1.33 1.27) (end -1.33 3.87) (layer F.SilkS) (width 0.12))
    (fp_line (start 1.33 1.27) (end 1.33 3.87) (layer F.SilkS) (width 0.12))
    (fp_line (start -1.33 1.27) (end 1.33 1.27) (layer F.SilkS) (width 0.12))
    (fp_line (start -1.33 0) (end -1.33 -1.33) (layer F.SilkS) (width 0.12))
    (fp_line (start -1.33 -1.33) (end 0 -1.33) (layer F.SilkS) (width 0.12))
    (fp_line (start -1.8 -1.8) (end -1.8 4.35) (layer F.CrtYd) (width 0.05))
    (fp_line (start -1.8 4.35) (end 1.8 4.35) (layer F.CrtYd) (width 0.05))
    (fp_line (start 1.8 4.35) (end 1.8 -1.8) (layer F.CrtYd) (width 0.05))
    (fp_line (start 1.8 -1.8) (end -1.8 -1.8) (layer F.CrtYd) (width 0.05))
    (fp_text user %R (at 0 1.27 90) (layer F.Fab)
      (effects (font (size 1 1) (thickness 0.15)))
    )
    (pad 1 thru_hole rect (at 0 0) (size 1.7 1.7) (drill 1) (layers *.Cu *.Mask)
      (net 5 /Vref))
    (pad 2 thru_hole oval (at 0 2.54) (size 1.7 1.7) (drill 1) (layers *.Cu *.Mask)
      (net 4 /Vth))
    (model ${KISYS3DMOD}/Connector_PinHeader_2.54mm.3dshapes/PinHeader_1x02_P2.54mm_Vertical.wrl
      (at (xyz 0 0 0))
      (scale (xyz 1 1 1))
      (rotate (xyz 0 0 0))
    )
  )

  (module Package_TO_SOT_SMD:SOT-23 (layer F.Cu) (tedit 5A02FF57) (tstamp 5DE2C4D2)
    (at 7.62 -8.636 270)
    (descr "SOT-23, Standard")
    (tags SOT-23)
    (path /5DE20AFC)
    (attr smd)
    (fp_text reference Q1 (at -2.54 0) (layer F.SilkS)
      (effects (font (size 1 1) (thickness 0.15)))
    )
    (fp_text value 2N7002E (at 0 2.5 90) (layer F.Fab)
      (effects (font (size 1 1) (thickness 0.15)))
    )
    (fp_text user %R (at 0 0) (layer F.Fab)
      (effects (font (size 0.5 0.5) (thickness 0.075)))
    )
    (fp_line (start -0.7 -0.95) (end -0.7 1.5) (layer F.Fab) (width 0.1))
    (fp_line (start -0.15 -1.52) (end 0.7 -1.52) (layer F.Fab) (width 0.1))
    (fp_line (start -0.7 -0.95) (end -0.15 -1.52) (layer F.Fab) (width 0.1))
    (fp_line (start 0.7 -1.52) (end 0.7 1.52) (layer F.Fab) (width 0.1))
    (fp_line (start -0.7 1.52) (end 0.7 1.52) (layer F.Fab) (width 0.1))
    (fp_line (start 0.76 1.58) (end 0.76 0.65) (layer F.SilkS) (width 0.12))
    (fp_line (start 0.76 -1.58) (end 0.76 -0.65) (layer F.SilkS) (width 0.12))
    (fp_line (start -1.7 -1.75) (end 1.7 -1.75) (layer F.CrtYd) (width 0.05))
    (fp_line (start 1.7 -1.75) (end 1.7 1.75) (layer F.CrtYd) (width 0.05))
    (fp_line (start 1.7 1.75) (end -1.7 1.75) (layer F.CrtYd) (width 0.05))
    (fp_line (start -1.7 1.75) (end -1.7 -1.75) (layer F.CrtYd) (width 0.05))
    (fp_line (start 0.76 -1.58) (end -1.4 -1.58) (layer F.SilkS) (width 0.12))
    (fp_line (start 0.76 1.58) (end -0.7 1.58) (layer F.SilkS) (width 0.12))
    (pad 1 smd rect (at -1 -0.95 270) (size 0.9 0.8) (layers F.Cu F.Paste F.Mask)
      (net 6 "Net-(Q1-Pad1)"))
    (pad 2 smd rect (at -1 0.95 270) (size 0.9 0.8) (layers F.Cu F.Paste F.Mask)
      (net 3 GND))
    (pad 3 smd rect (at 1 0 270) (size 0.9 0.8) (layers F.Cu F.Paste F.Mask)
      (net 7 "Net-(Q1-Pad3)"))
    (model ${KISYS3DMOD}/Package_TO_SOT_SMD.3dshapes/SOT-23.wrl
      (at (xyz 0 0 0))
      (scale (xyz 1 1 1))
      (rotate (xyz 0 0 0))
    )
  )

  (module Package_TO_SOT_SMD:SOT-23 (layer F.Cu) (tedit 5A02FF57) (tstamp 5DE2D378)
    (at 7.62 -3.81 270)
    (descr "SOT-23, Standard")
    (tags SOT-23)
    (path /5DE25183)
    (attr smd)
    (fp_text reference Q2 (at 2.8194 0.07366 180) (layer F.SilkS)
      (effects (font (size 1 1) (thickness 0.15)))
    )
    (fp_text value BSS83P (at 0 2.5 90) (layer F.Fab)
      (effects (font (size 1 1) (thickness 0.15)))
    )
    (fp_line (start 0.76 1.58) (end -0.7 1.58) (layer F.SilkS) (width 0.12))
    (fp_line (start 0.76 -1.58) (end -1.4 -1.58) (layer F.SilkS) (width 0.12))
    (fp_line (start -1.7 1.75) (end -1.7 -1.75) (layer F.CrtYd) (width 0.05))
    (fp_line (start 1.7 1.75) (end -1.7 1.75) (layer F.CrtYd) (width 0.05))
    (fp_line (start 1.7 -1.75) (end 1.7 1.75) (layer F.CrtYd) (width 0.05))
    (fp_line (start -1.7 -1.75) (end 1.7 -1.75) (layer F.CrtYd) (width 0.05))
    (fp_line (start 0.76 -1.58) (end 0.76 -0.65) (layer F.SilkS) (width 0.12))
    (fp_line (start 0.76 1.58) (end 0.76 0.65) (layer F.SilkS) (width 0.12))
    (fp_line (start -0.7 1.52) (end 0.7 1.52) (layer F.Fab) (width 0.1))
    (fp_line (start 0.7 -1.52) (end 0.7 1.52) (layer F.Fab) (width 0.1))
    (fp_line (start -0.7 -0.95) (end -0.15 -1.52) (layer F.Fab) (width 0.1))
    (fp_line (start -0.15 -1.52) (end 0.7 -1.52) (layer F.Fab) (width 0.1))
    (fp_line (start -0.7 -0.95) (end -0.7 1.5) (layer F.Fab) (width 0.1))
    (fp_text user %R (at 0 0) (layer F.Fab)
      (effects (font (size 0.5 0.5) (thickness 0.075)))
    )
    (pad 3 smd rect (at 1 0 270) (size 0.9 0.8) (layers F.Cu F.Paste F.Mask)
      (net 8 "Net-(Q2-Pad3)"))
    (pad 2 smd rect (at -1 0.95 270) (size 0.9 0.8) (layers F.Cu F.Paste F.Mask)
      (net 1 /+3.3V))
    (pad 1 smd rect (at -1 -0.95 270) (size 0.9 0.8) (layers F.Cu F.Paste F.Mask)
      (net 9 "Net-(Q2-Pad1)"))
    (model ${KISYS3DMOD}/Package_TO_SOT_SMD.3dshapes/SOT-23.wrl
      (at (xyz 0 0 0))
      (scale (xyz 1 1 1))
      (rotate (xyz 0 0 0))
    )
  )

  (module Resistor_SMD:R_0805_2012Metric_Pad1.15x1.40mm_HandSolder (layer F.Cu) (tedit 5B36C52B) (tstamp 5DE2C4F8)
    (at 3.048 -7.874 180)
    (descr "Resistor SMD 0805 (2012 Metric), square (rectangular) end terminal, IPC_7351 nominal with elongated pad for handsoldering. (Body size source: https://docs.google.com/spreadsheets/d/1BsfQQcO9C6DZCsRaXUlFlo91Tg2WpOkGARC1WS5S8t0/edit?usp=sharing), generated with kicad-footprint-generator")
    (tags "resistor handsolder")
    (path /5DE32EF7)
    (attr smd)
    (fp_text reference R1 (at 0 -1.65) (layer F.SilkS)
      (effects (font (size 1 1) (thickness 0.15)))
    )
    (fp_text value 10k (at 0 1.65) (layer F.Fab)
      (effects (font (size 1 1) (thickness 0.15)))
    )
    (fp_line (start -1 0.6) (end -1 -0.6) (layer F.Fab) (width 0.1))
    (fp_line (start -1 -0.6) (end 1 -0.6) (layer F.Fab) (width 0.1))
    (fp_line (start 1 -0.6) (end 1 0.6) (layer F.Fab) (width 0.1))
    (fp_line (start 1 0.6) (end -1 0.6) (layer F.Fab) (width 0.1))
    (fp_line (start -0.261252 -0.71) (end 0.261252 -0.71) (layer F.SilkS) (width 0.12))
    (fp_line (start -0.261252 0.71) (end 0.261252 0.71) (layer F.SilkS) (width 0.12))
    (fp_line (start -1.85 0.95) (end -1.85 -0.95) (layer F.CrtYd) (width 0.05))
    (fp_line (start -1.85 -0.95) (end 1.85 -0.95) (layer F.CrtYd) (width 0.05))
    (fp_line (start 1.85 -0.95) (end 1.85 0.95) (layer F.CrtYd) (width 0.05))
    (fp_line (start 1.85 0.95) (end -1.85 0.95) (layer F.CrtYd) (width 0.05))
    (fp_text user %R (at 0 0) (layer F.Fab)
      (effects (font (size 0.5 0.5) (thickness 0.08)))
    )
    (pad 1 smd roundrect (at -1.025 0 180) (size 1.15 1.4) (layers F.Cu F.Paste F.Mask) (roundrect_rratio 0.217391)
      (net 6 "Net-(Q1-Pad1)"))
    (pad 2 smd roundrect (at 1.025 0 180) (size 1.15 1.4) (layers F.Cu F.Paste F.Mask) (roundrect_rratio 0.217391)
      (net 2 /GPIO_EN))
    (model ${KISYS3DMOD}/Resistor_SMD.3dshapes/R_0805_2012Metric.wrl
      (at (xyz 0 0 0))
      (scale (xyz 1 1 1))
      (rotate (xyz 0 0 0))
    )
  )

  (module Resistor_SMD:R_0805_2012Metric_Pad1.15x1.40mm_HandSolder (layer F.Cu) (tedit 5B36C52B) (tstamp 5DE2DCAF)
    (at 2.286 -3.302 270)
    (descr "Resistor SMD 0805 (2012 Metric), square (rectangular) end terminal, IPC_7351 nominal with elongated pad for handsoldering. (Body size source: https://docs.google.com/spreadsheets/d/1BsfQQcO9C6DZCsRaXUlFlo91Tg2WpOkGARC1WS5S8t0/edit?usp=sharing), generated with kicad-footprint-generator")
    (tags "resistor handsolder")
    (path /5DE2E9BC)
    (attr smd)
    (fp_text reference R2 (at 0 -1.65 90) (layer F.SilkS)
      (effects (font (size 1 1) (thickness 0.15)))
    )
    (fp_text value 10k (at 0 1.65 90) (layer F.Fab)
      (effects (font (size 1 1) (thickness 0.15)))
    )
    (fp_text user %R (at 0 0 90) (layer F.Fab)
      (effects (font (size 0.5 0.5) (thickness 0.08)))
    )
    (fp_line (start 1.85 0.95) (end -1.85 0.95) (layer F.CrtYd) (width 0.05))
    (fp_line (start 1.85 -0.95) (end 1.85 0.95) (layer F.CrtYd) (width 0.05))
    (fp_line (start -1.85 -0.95) (end 1.85 -0.95) (layer F.CrtYd) (width 0.05))
    (fp_line (start -1.85 0.95) (end -1.85 -0.95) (layer F.CrtYd) (width 0.05))
    (fp_line (start -0.261252 0.71) (end 0.261252 0.71) (layer F.SilkS) (width 0.12))
    (fp_line (start -0.261252 -0.71) (end 0.261252 -0.71) (layer F.SilkS) (width 0.12))
    (fp_line (start 1 0.6) (end -1 0.6) (layer F.Fab) (width 0.1))
    (fp_line (start 1 -0.6) (end 1 0.6) (layer F.Fab) (width 0.1))
    (fp_line (start -1 -0.6) (end 1 -0.6) (layer F.Fab) (width 0.1))
    (fp_line (start -1 0.6) (end -1 -0.6) (layer F.Fab) (width 0.1))
    (pad 2 smd roundrect (at 1.025 0 270) (size 1.15 1.4) (layers F.Cu F.Paste F.Mask) (roundrect_rratio 0.217391)
      (net 9 "Net-(Q2-Pad1)"))
    (pad 1 smd roundrect (at -1.025 0 270) (size 1.15 1.4) (layers F.Cu F.Paste F.Mask) (roundrect_rratio 0.217391)
      (net 1 /+3.3V))
    (model ${KISYS3DMOD}/Resistor_SMD.3dshapes/R_0805_2012Metric.wrl
      (at (xyz 0 0 0))
      (scale (xyz 1 1 1))
      (rotate (xyz 0 0 0))
    )
  )

  (module Resistor_SMD:R_0805_2012Metric_Pad1.15x1.40mm_HandSolder (layer F.Cu) (tedit 5B36C52B) (tstamp 5DE2C51A)
    (at 3.048 -11.43 180)
    (descr "Resistor SMD 0805 (2012 Metric), square (rectangular) end terminal, IPC_7351 nominal with elongated pad for handsoldering. (Body size source: https://docs.google.com/spreadsheets/d/1BsfQQcO9C6DZCsRaXUlFlo91Tg2WpOkGARC1WS5S8t0/edit?usp=sharing), generated with kicad-footprint-generator")
    (tags "resistor handsolder")
    (path /5DE32289)
    (attr smd)
    (fp_text reference R3 (at 0 -1.65) (layer F.SilkS)
      (effects (font (size 1 1) (thickness 0.15)))
    )
    (fp_text value 10k (at 0 1.65) (layer F.Fab)
      (effects (font (size 1 1) (thickness 0.15)))
    )
    (fp_text user %R (at 0 0) (layer F.Fab)
      (effects (font (size 0.5 0.5) (thickness 0.08)))
    )
    (fp_line (start 1.85 0.95) (end -1.85 0.95) (layer F.CrtYd) (width 0.05))
    (fp_line (start 1.85 -0.95) (end 1.85 0.95) (layer F.CrtYd) (width 0.05))
    (fp_line (start -1.85 -0.95) (end 1.85 -0.95) (layer F.CrtYd) (width 0.05))
    (fp_line (start -1.85 0.95) (end -1.85 -0.95) (layer F.CrtYd) (width 0.05))
    (fp_line (start -0.261252 0.71) (end 0.261252 0.71) (layer F.SilkS) (width 0.12))
    (fp_line (start -0.261252 -0.71) (end 0.261252 -0.71) (layer F.SilkS) (width 0.12))
    (fp_line (start 1 0.6) (end -1 0.6) (layer F.Fab) (width 0.1))
    (fp_line (start 1 -0.6) (end 1 0.6) (layer F.Fab) (width 0.1))
    (fp_line (start -1 -0.6) (end 1 -0.6) (layer F.Fab) (width 0.1))
    (fp_line (start -1 0.6) (end -1 -0.6) (layer F.Fab) (width 0.1))
    (pad 2 smd roundrect (at 1.025 0 180) (size 1.15 1.4) (layers F.Cu F.Paste F.Mask) (roundrect_rratio 0.217391)
      (net 3 GND))
    (pad 1 smd roundrect (at -1.025 0 180) (size 1.15 1.4) (layers F.Cu F.Paste F.Mask) (roundrect_rratio 0.217391)
      (net 6 "Net-(Q1-Pad1)"))
    (model ${KISYS3DMOD}/Resistor_SMD.3dshapes/R_0805_2012Metric.wrl
      (at (xyz 0 0 0))
      (scale (xyz 1 1 1))
      (rotate (xyz 0 0 0))
    )
  )

  (module Resistor_SMD:R_0805_2012Metric_Pad1.15x1.40mm_HandSolder (layer F.Cu) (tedit 5B36C52B) (tstamp 5DE2C52B)
    (at 11.938 -5.842 90)
    (descr "Resistor SMD 0805 (2012 Metric), square (rectangular) end terminal, IPC_7351 nominal with elongated pad for handsoldering. (Body size source: https://docs.google.com/spreadsheets/d/1BsfQQcO9C6DZCsRaXUlFlo91Tg2WpOkGARC1WS5S8t0/edit?usp=sharing), generated with kicad-footprint-generator")
    (tags "resistor handsolder")
    (path /5DE2877C)
    (attr smd)
    (fp_text reference R4 (at 2.54 0 180) (layer F.SilkS)
      (effects (font (size 1 1) (thickness 0.15)))
    )
    (fp_text value 10k (at 0 1.65 90) (layer F.Fab)
      (effects (font (size 1 1) (thickness 0.15)))
    )
    (fp_line (start -1 0.6) (end -1 -0.6) (layer F.Fab) (width 0.1))
    (fp_line (start -1 -0.6) (end 1 -0.6) (layer F.Fab) (width 0.1))
    (fp_line (start 1 -0.6) (end 1 0.6) (layer F.Fab) (width 0.1))
    (fp_line (start 1 0.6) (end -1 0.6) (layer F.Fab) (width 0.1))
    (fp_line (start -0.261252 -0.71) (end 0.261252 -0.71) (layer F.SilkS) (width 0.12))
    (fp_line (start -0.261252 0.71) (end 0.261252 0.71) (layer F.SilkS) (width 0.12))
    (fp_line (start -1.85 0.95) (end -1.85 -0.95) (layer F.CrtYd) (width 0.05))
    (fp_line (start -1.85 -0.95) (end 1.85 -0.95) (layer F.CrtYd) (width 0.05))
    (fp_line (start 1.85 -0.95) (end 1.85 0.95) (layer F.CrtYd) (width 0.05))
    (fp_line (start 1.85 0.95) (end -1.85 0.95) (layer F.CrtYd) (width 0.05))
    (fp_text user %R (at 0 0 90) (layer F.Fab)
      (effects (font (size 0.5 0.5) (thickness 0.08)))
    )
    (pad 1 smd roundrect (at -1.025 0 90) (size 1.15 1.4) (layers F.Cu F.Paste F.Mask) (roundrect_rratio 0.217391)
      (net 9 "Net-(Q2-Pad1)"))
    (pad 2 smd roundrect (at 1.025 0 90) (size 1.15 1.4) (layers F.Cu F.Paste F.Mask) (roundrect_rratio 0.217391)
      (net 7 "Net-(Q1-Pad3)"))
    (model ${KISYS3DMOD}/Resistor_SMD.3dshapes/R_0805_2012Metric.wrl
      (at (xyz 0 0 0))
      (scale (xyz 1 1 1))
      (rotate (xyz 0 0 0))
    )
  )

  (module Resistor_SMD:R_0805_2012Metric_Pad1.15x1.40mm_HandSolder (layer F.Cu) (tedit 5B36C52B) (tstamp 5DE2C53C)
    (at 2.286 2.032 270)
    (descr "Resistor SMD 0805 (2012 Metric), square (rectangular) end terminal, IPC_7351 nominal with elongated pad for handsoldering. (Body size source: https://docs.google.com/spreadsheets/d/1BsfQQcO9C6DZCsRaXUlFlo91Tg2WpOkGARC1WS5S8t0/edit?usp=sharing), generated with kicad-footprint-generator")
    (tags "resistor handsolder")
    (path /5DE31049)
    (attr smd)
    (fp_text reference R5 (at -0.33274 -1.81356 270) (layer F.SilkS)
      (effects (font (size 1 1) (thickness 0.15)))
    )
    (fp_text value 20k (at 0 1.65 90) (layer F.Fab)
      (effects (font (size 1 1) (thickness 0.15)))
    )
    (fp_text user %R (at 0 0 90) (layer F.Fab)
      (effects (font (size 0.5 0.5) (thickness 0.08)))
    )
    (fp_line (start 1.85 0.95) (end -1.85 0.95) (layer F.CrtYd) (width 0.05))
    (fp_line (start 1.85 -0.95) (end 1.85 0.95) (layer F.CrtYd) (width 0.05))
    (fp_line (start -1.85 -0.95) (end 1.85 -0.95) (layer F.CrtYd) (width 0.05))
    (fp_line (start -1.85 0.95) (end -1.85 -0.95) (layer F.CrtYd) (width 0.05))
    (fp_line (start -0.261252 0.71) (end 0.261252 0.71) (layer F.SilkS) (width 0.12))
    (fp_line (start -0.261252 -0.71) (end 0.261252 -0.71) (layer F.SilkS) (width 0.12))
    (fp_line (start 1 0.6) (end -1 0.6) (layer F.Fab) (width 0.1))
    (fp_line (start 1 -0.6) (end 1 0.6) (layer F.Fab) (width 0.1))
    (fp_line (start -1 -0.6) (end 1 -0.6) (layer F.Fab) (width 0.1))
    (fp_line (start -1 0.6) (end -1 -0.6) (layer F.Fab) (width 0.1))
    (pad 2 smd roundrect (at 1.025 0 270) (size 1.15 1.4) (layers F.Cu F.Paste F.Mask) (roundrect_rratio 0.217391)
      (net 5 /Vref))
    (pad 1 smd roundrect (at -1.025 0 270) (size 1.15 1.4) (layers F.Cu F.Paste F.Mask) (roundrect_rratio 0.217391)
      (net 8 "Net-(Q2-Pad3)"))
    (model ${KISYS3DMOD}/Resistor_SMD.3dshapes/R_0805_2012Metric.wrl
      (at (xyz 0 0 0))
      (scale (xyz 1 1 1))
      (rotate (xyz 0 0 0))
    )
  )

  (module Resistor_SMD:R_0805_2012Metric_Pad1.15x1.40mm_HandSolder (layer F.Cu) (tedit 5B36C52B) (tstamp 5DE2C54D)
    (at 2.286 8.128 270)
    (descr "Resistor SMD 0805 (2012 Metric), square (rectangular) end terminal, IPC_7351 nominal with elongated pad for handsoldering. (Body size source: https://docs.google.com/spreadsheets/d/1BsfQQcO9C6DZCsRaXUlFlo91Tg2WpOkGARC1WS5S8t0/edit?usp=sharing), generated with kicad-footprint-generator")
    (tags "resistor handsolder")
    (path /5DE3153C)
    (attr smd)
    (fp_text reference R6 (at -2.85242 0.05588 180) (layer F.SilkS)
      (effects (font (size 1 1) (thickness 0.15)))
    )
    (fp_text value 10k (at 0 1.65 90) (layer F.Fab)
      (effects (font (size 1 1) (thickness 0.15)))
    )
    (fp_line (start -1 0.6) (end -1 -0.6) (layer F.Fab) (width 0.1))
    (fp_line (start -1 -0.6) (end 1 -0.6) (layer F.Fab) (width 0.1))
    (fp_line (start 1 -0.6) (end 1 0.6) (layer F.Fab) (width 0.1))
    (fp_line (start 1 0.6) (end -1 0.6) (layer F.Fab) (width 0.1))
    (fp_line (start -0.261252 -0.71) (end 0.261252 -0.71) (layer F.SilkS) (width 0.12))
    (fp_line (start -0.261252 0.71) (end 0.261252 0.71) (layer F.SilkS) (width 0.12))
    (fp_line (start -1.85 0.95) (end -1.85 -0.95) (layer F.CrtYd) (width 0.05))
    (fp_line (start -1.85 -0.95) (end 1.85 -0.95) (layer F.CrtYd) (width 0.05))
    (fp_line (start 1.85 -0.95) (end 1.85 0.95) (layer F.CrtYd) (width 0.05))
    (fp_line (start 1.85 0.95) (end -1.85 0.95) (layer F.CrtYd) (width 0.05))
    (fp_text user %R (at 0 0 90) (layer F.Fab)
      (effects (font (size 0.5 0.5) (thickness 0.08)))
    )
    (pad 1 smd roundrect (at -1.025 0 270) (size 1.15 1.4) (layers F.Cu F.Paste F.Mask) (roundrect_rratio 0.217391)
      (net 5 /Vref))
    (pad 2 smd roundrect (at 1.025 0 270) (size 1.15 1.4) (layers F.Cu F.Paste F.Mask) (roundrect_rratio 0.217391)
      (net 3 GND))
    (model ${KISYS3DMOD}/Resistor_SMD.3dshapes/R_0805_2012Metric.wrl
      (at (xyz 0 0 0))
      (scale (xyz 1 1 1))
      (rotate (xyz 0 0 0))
    )
  )

  (module Resistor_SMD:R_0805_2012Metric_Pad1.15x1.40mm_HandSolder (layer F.Cu) (tedit 5B36C52B) (tstamp 5DE2C55E)
    (at 7.366 2.032 270)
    (descr "Resistor SMD 0805 (2012 Metric), square (rectangular) end terminal, IPC_7351 nominal with elongated pad for handsoldering. (Body size source: https://docs.google.com/spreadsheets/d/1BsfQQcO9C6DZCsRaXUlFlo91Tg2WpOkGARC1WS5S8t0/edit?usp=sharing), generated with kicad-footprint-generator")
    (tags "resistor handsolder")
    (path /5DE30CD0)
    (attr smd)
    (fp_text reference R7 (at 0 -1.65 90) (layer F.SilkS)
      (effects (font (size 1 1) (thickness 0.15)))
    )
    (fp_text value 20k (at 0 1.65 90) (layer F.Fab)
      (effects (font (size 1 1) (thickness 0.15)))
    )
    (fp_line (start -1 0.6) (end -1 -0.6) (layer F.Fab) (width 0.1))
    (fp_line (start -1 -0.6) (end 1 -0.6) (layer F.Fab) (width 0.1))
    (fp_line (start 1 -0.6) (end 1 0.6) (layer F.Fab) (width 0.1))
    (fp_line (start 1 0.6) (end -1 0.6) (layer F.Fab) (width 0.1))
    (fp_line (start -0.261252 -0.71) (end 0.261252 -0.71) (layer F.SilkS) (width 0.12))
    (fp_line (start -0.261252 0.71) (end 0.261252 0.71) (layer F.SilkS) (width 0.12))
    (fp_line (start -1.85 0.95) (end -1.85 -0.95) (layer F.CrtYd) (width 0.05))
    (fp_line (start -1.85 -0.95) (end 1.85 -0.95) (layer F.CrtYd) (width 0.05))
    (fp_line (start 1.85 -0.95) (end 1.85 0.95) (layer F.CrtYd) (width 0.05))
    (fp_line (start 1.85 0.95) (end -1.85 0.95) (layer F.CrtYd) (width 0.05))
    (fp_text user %R (at 0 0 90) (layer F.Fab)
      (effects (font (size 0.5 0.5) (thickness 0.08)))
    )
    (pad 1 smd roundrect (at -1.025 0 270) (size 1.15 1.4) (layers F.Cu F.Paste F.Mask) (roundrect_rratio 0.217391)
      (net 8 "Net-(Q2-Pad3)"))
    (pad 2 smd roundrect (at 1.025 0 270) (size 1.15 1.4) (layers F.Cu F.Paste F.Mask) (roundrect_rratio 0.217391)
      (net 4 /Vth))
    (model ${KISYS3DMOD}/Resistor_SMD.3dshapes/R_0805_2012Metric.wrl
      (at (xyz 0 0 0))
      (scale (xyz 1 1 1))
      (rotate (xyz 0 0 0))
    )
  )

  (dimension 26.035 (width 0.12) (layer F.SilkS)
    (gr_text "1.0250 in" (at 17.78 -0.9525 90) (layer F.SilkS)
      (effects (font (size 1 1) (thickness 0.15)))
    )
    (feature1 (pts (xy 15.24 -13.97) (xy 17.096421 -13.97)))
    (feature2 (pts (xy 15.24 12.065) (xy 17.096421 12.065)))
    (crossbar (pts (xy 16.51 12.065) (xy 16.51 -13.97)))
    (arrow1a (pts (xy 16.51 -13.97) (xy 17.096421 -12.843496)))
    (arrow1b (pts (xy 16.51 -13.97) (xy 15.923579 -12.843496)))
    (arrow2a (pts (xy 16.51 12.065) (xy 17.096421 10.938496)))
    (arrow2b (pts (xy 16.51 12.065) (xy 15.923579 10.938496)))
  )
  (dimension 22.225 (width 0.12) (layer F.SilkS)
    (gr_text "0.8750 in" (at 5.3975 13.97) (layer F.SilkS)
      (effects (font (size 1 1) (thickness 0.15)))
    )
    (feature1 (pts (xy 16.51 10.795) (xy 16.51 13.286421)))
    (feature2 (pts (xy -5.715 10.795) (xy -5.715 13.286421)))
    (crossbar (pts (xy -5.715 12.7) (xy 16.51 12.7)))
    (arrow1a (pts (xy 16.51 12.7) (xy 15.383496 13.286421)))
    (arrow1b (pts (xy 16.51 12.7) (xy 15.383496 12.113579)))
    (arrow2a (pts (xy -5.715 12.7) (xy -4.588496 13.286421)))
    (arrow2b (pts (xy -5.715 12.7) (xy -4.588496 12.113579)))
  )
  (gr_text Thermistor (at 12.7 8.382 90) (layer F.SilkS) (tstamp 5DE2DDFA)
    (effects (font (size 0.635 0.635) (thickness 0.127)))
  )
  (gr_text - (at 9.906 10.668 90) (layer F.SilkS) (tstamp 5DE2DDFA)
    (effects (font (size 0.635 0.635) (thickness 0.127)))
  )
  (gr_text + (at 7.366 10.668 90) (layer F.SilkS) (tstamp 5DE2DDFA)
    (effects (font (size 0.635 0.635) (thickness 0.127)))
  )
  (gr_text "3.3V\n" (at -4.318 -4.826) (layer F.SilkS) (tstamp 5DE2DDFA)
    (effects (font (size 0.635 0.635) (thickness 0.127)))
  )
  (gr_text EN (at -4.318 -2.286) (layer F.SilkS) (tstamp 5DE2DDFA)
    (effects (font (size 0.635 0.635) (thickness 0.127)))
  )
  (gr_text GND (at -4.318 0.254) (layer F.SilkS) (tstamp 5DE2DDFA)
    (effects (font (size 0.635 0.635) (thickness 0.127)))
  )
  (gr_text "Vref\n" (at 14.732 0.762) (layer F.SilkS) (tstamp 5DE2DDF3)
    (effects (font (size 0.635 0.635) (thickness 0.127)))
  )
  (gr_text Vth (at 14.605 3.302) (layer F.SilkS) (tstamp 5DE2DDF3)
    (effects (font (size 0.635 0.635) (thickness 0.127)))
  )
  (gr_text "Thermistor \nSupport\nGroup 11" (at -2.032 6.096 90) (layer F.SilkS)
    (effects (font (size 0.635 0.635) (thickness 0.127)))
  )
  (gr_arc (start -4.445 10.795) (end -5.715 10.795) (angle -90) (layer Edge.Cuts) (width 0.05))
  (gr_arc (start 15.24 10.795) (end 15.24 12.065) (angle -90) (layer Edge.Cuts) (width 0.05))
  (gr_arc (start 15.24 -12.7) (end 16.51 -12.7) (angle -90) (layer Edge.Cuts) (width 0.05))
  (gr_arc (start -4.445 -12.7) (end -4.445 -13.97) (angle -90) (layer Edge.Cuts) (width 0.05))
  (gr_line (start -5.715 10.795) (end -5.715 -12.7) (layer Edge.Cuts) (width 0.05) (tstamp 5DE2DAAB))
  (gr_line (start 15.24 12.065) (end -4.445 12.065) (layer Edge.Cuts) (width 0.05))
  (gr_line (start 16.51 -12.7) (end 16.51 10.795) (layer Edge.Cuts) (width 0.05))
  (gr_line (start -4.445 -13.97) (end 15.24 -13.97) (layer Edge.Cuts) (width 0.05))

  (segment (start 1.787 -4.826) (end 2.286 -4.327) (width 0.381) (layer F.Cu) (net 1))
  (segment (start -1.27 -4.826) (end 1.787 -4.826) (width 0.381) (layer F.Cu) (net 1))
  (segment (start 6.187 -4.327) (end 6.67 -4.81) (width 0.381) (layer F.Cu) (net 1))
  (segment (start 2.286 -4.327) (end 6.187 -4.327) (width 0.381) (layer F.Cu) (net 1))
  (segment (start -0.067919 -2.286) (end 0.635 -2.988919) (width 0.254) (layer B.Cu) (net 2))
  (segment (start -1.27 -2.286) (end -0.067919 -2.286) (width 0.254) (layer B.Cu) (net 2))
  (via (at 0.635 -8.255) (size 0.8) (drill 0.4) (layers F.Cu B.Cu) (net 2))
  (segment (start 0.635 -2.988919) (end 0.635 -8.255) (width 0.254) (layer B.Cu) (net 2))
  (segment (start 1.642 -8.255) (end 2.023 -7.874) (width 0.254) (layer F.Cu) (net 2))
  (segment (start 0.635 -8.255) (end 1.642 -8.255) (width 0.254) (layer F.Cu) (net 2))
  (segment (start 7.366 3.057) (end 7.366 3.732) (width 0.381) (layer F.Cu) (net 4))
  (segment (start 7.366 3.057) (end 7.366 8.128) (width 0.381) (layer F.Cu) (net 4))
  (segment (start 11.693 3.057) (end 11.938 3.302) (width 0.381) (layer F.Cu) (net 4))
  (segment (start 7.366 3.057) (end 11.693 3.057) (width 0.381) (layer F.Cu) (net 4))
  (segment (start 2.286 3.732) (end 2.286 7.103) (width 0.381) (layer F.Cu) (net 5))
  (segment (start 2.286 3.057) (end 2.286 3.732) (width 0.381) (layer F.Cu) (net 5))
  (via (at 4.38658 3.00228) (size 0.8) (drill 0.4) (layers F.Cu B.Cu) (net 5))
  (segment (start 2.286 3.057) (end 4.33186 3.057) (width 0.381) (layer F.Cu) (net 5))
  (segment (start 4.33186 3.057) (end 4.38658 3.00228) (width 0.381) (layer F.Cu) (net 5))
  (segment (start 6.62686 0.762) (end 11.938 0.762) (width 0.381) (layer B.Cu) (net 5))
  (segment (start 4.38658 3.00228) (end 6.62686 0.762) (width 0.381) (layer B.Cu) (net 5))
  (segment (start 4.073 -11.43) (end 4.073 -7.874) (width 0.254) (layer F.Cu) (net 6))
  (segment (start 4.073 -11.43) (end 7.87654 -11.43) (width 0.254) (layer F.Cu) (net 6))
  (segment (start 8.57 -10.73654) (end 8.57 -9.636) (width 0.254) (layer F.Cu) (net 6))
  (segment (start 7.87654 -11.43) (end 8.57 -10.73654) (width 0.254) (layer F.Cu) (net 6))
  (segment (start 11.169 -7.636) (end 11.938 -6.867) (width 0.254) (layer F.Cu) (net 7))
  (segment (start 7.62 -7.636) (end 11.169 -7.636) (width 0.254) (layer F.Cu) (net 7))
  (segment (start 7.62 0.753) (end 7.366 1.007) (width 0.381) (layer F.Cu) (net 8))
  (segment (start 7.62 -2.81) (end 7.62 0.753) (width 0.381) (layer F.Cu) (net 8))
  (segment (start 7.366 1.007) (end 2.286 1.007) (width 0.381) (layer F.Cu) (net 8))
  (segment (start 11.938 -4.817) (end 8.32242 -4.817) (width 0.254) (layer F.Cu) (net 9))
  (via (at 4.80822 -2.30632) (size 0.8) (drill 0.4) (layers F.Cu B.Cu) (net 9))
  (segment (start 2.286 -2.277) (end 4.7789 -2.277) (width 0.254) (layer F.Cu) (net 9))
  (segment (start 4.7789 -2.277) (end 4.80822 -2.30632) (width 0.254) (layer F.Cu) (net 9))
  (via (at 8.70458 -3.55854) (size 0.8) (drill 0.4) (layers F.Cu B.Cu) (net 9))
  (segment (start 4.80822 -2.30632) (end 7.45236 -2.30632) (width 0.254) (layer B.Cu) (net 9))
  (segment (start 7.45236 -2.30632) (end 8.70458 -3.55854) (width 0.254) (layer B.Cu) (net 9))
  (segment (start 8.70458 -4.67542) (end 8.57 -4.81) (width 0.254) (layer F.Cu) (net 9))
  (segment (start 8.70458 -3.55854) (end 8.70458 -4.67542) (width 0.254) (layer F.Cu) (net 9))

  (zone (net 3) (net_name GND) (layer F.Cu) (tstamp 0) (hatch edge 0.508)
    (connect_pads (clearance 0.508))
    (min_thickness 0.254)
    (fill yes (arc_segments 32) (thermal_gap 0.508) (thermal_bridge_width 0.508))
    (polygon
      (pts
        (xy -5.08 -13.335) (xy 15.875 -13.335) (xy 15.875 11.43) (xy -5.08 11.43)
      )
    )
    (filled_polygon
      (pts
        (xy 15.575819 -13.205445) (xy 15.667596 -13.130593) (xy 15.743091 -13.039336) (xy 15.748 -13.030257) (xy 15.748 11.126014)
        (xy 15.745446 11.130817) (xy 15.670594 11.222595) (xy 15.579335 11.298091) (xy 15.570256 11.303) (xy -4.776014 11.303)
        (xy -4.780817 11.300446) (xy -4.872595 11.225594) (xy -4.948091 11.134335) (xy -4.953 11.125256) (xy -4.953 9.728)
        (xy 0.947928 9.728) (xy 0.960188 9.852482) (xy 0.996498 9.97218) (xy 1.055463 10.082494) (xy 1.134815 10.179185)
        (xy 1.231506 10.258537) (xy 1.34182 10.317502) (xy 1.461518 10.353812) (xy 1.586 10.366072) (xy 2.00025 10.363)
        (xy 2.159 10.20425) (xy 2.159 9.28) (xy 2.413 9.28) (xy 2.413 10.20425) (xy 2.57175 10.363)
        (xy 2.986 10.366072) (xy 3.110482 10.353812) (xy 3.23018 10.317502) (xy 3.340494 10.258537) (xy 3.437185 10.179185)
        (xy 3.516537 10.082494) (xy 3.575502 9.97218) (xy 3.611812 9.852482) (xy 3.624072 9.728) (xy 3.621 9.43875)
        (xy 3.46225 9.28) (xy 2.413 9.28) (xy 2.159 9.28) (xy 1.10975 9.28) (xy 0.951 9.43875)
        (xy 0.947928 9.728) (xy -4.953 9.728) (xy -4.953 0.61089) (xy -2.711476 0.61089) (xy -2.666825 0.758099)
        (xy -2.541641 1.02092) (xy -2.367588 1.254269) (xy -2.151355 1.449178) (xy -1.901252 1.598157) (xy -1.626891 1.695481)
        (xy -1.397 1.574814) (xy -1.397 0.381) (xy -1.143 0.381) (xy -1.143 1.574814) (xy -0.913109 1.695481)
        (xy -0.638748 1.598157) (xy -0.388645 1.449178) (xy -0.172412 1.254269) (xy 0.001641 1.02092) (xy 0.126825 0.758099)
        (xy 0.171476 0.61089) (xy 0.050155 0.381) (xy -1.143 0.381) (xy -1.397 0.381) (xy -2.590155 0.381)
        (xy -2.711476 0.61089) (xy -4.953 0.61089) (xy -4.953 -2.286) (xy -2.762185 -2.286) (xy -2.733513 -1.994889)
        (xy -2.648599 -1.714966) (xy -2.510706 -1.456986) (xy -2.325134 -1.230866) (xy -2.099014 -1.045294) (xy -2.034477 -1.010799)
        (xy -2.151355 -0.941178) (xy -2.367588 -0.746269) (xy -2.541641 -0.51292) (xy -2.666825 -0.250099) (xy -2.711476 -0.10289)
        (xy -2.590155 0.127) (xy -1.397 0.127) (xy -1.397 0.107) (xy -1.143 0.107) (xy -1.143 0.127)
        (xy 0.050155 0.127) (xy 0.171476 -0.10289) (xy 0.126825 -0.250099) (xy 0.001641 -0.51292) (xy -0.172412 -0.746269)
        (xy -0.388645 -0.941178) (xy -0.505523 -1.010799) (xy -0.440986 -1.045294) (xy -0.214866 -1.230866) (xy -0.029294 -1.456986)
        (xy 0.108599 -1.714966) (xy 0.193513 -1.994889) (xy 0.222185 -2.286) (xy 0.193513 -2.577111) (xy 0.108599 -2.857034)
        (xy -0.029294 -3.115014) (xy -0.214866 -3.341134) (xy -0.244687 -3.365607) (xy -0.17582 -3.386498) (xy -0.065506 -3.445463)
        (xy 0.031185 -3.524815) (xy 0.110537 -3.621506) (xy 0.169502 -3.73182) (xy 0.205812 -3.851518) (xy 0.218072 -3.976)
        (xy 0.218072 -4.0005) (xy 0.948076 -4.0005) (xy 0.964992 -3.828745) (xy 1.015528 -3.662149) (xy 1.097595 -3.508613)
        (xy 1.208038 -3.374038) (xy 1.295816 -3.302) (xy 1.208038 -3.229962) (xy 1.097595 -3.095387) (xy 1.015528 -2.941851)
        (xy 0.964992 -2.775255) (xy 0.947928 -2.602001) (xy 0.947928 -1.951999) (xy 0.964992 -1.778745) (xy 1.015528 -1.612149)
        (xy 1.097595 -1.458613) (xy 1.208038 -1.324038) (xy 1.342613 -1.213595) (xy 1.496149 -1.131528) (xy 1.662745 -1.080992)
        (xy 1.835999 -1.063928) (xy 2.736001 -1.063928) (xy 2.909255 -1.080992) (xy 3.075851 -1.131528) (xy 3.229387 -1.213595)
        (xy 3.363962 -1.324038) (xy 3.474405 -1.458613) (xy 3.504545 -1.515) (xy 4.135829 -1.515) (xy 4.148446 -1.502383)
        (xy 4.317964 -1.389115) (xy 4.506322 -1.311094) (xy 4.706281 -1.27132) (xy 4.910159 -1.27132) (xy 5.110118 -1.311094)
        (xy 5.298476 -1.389115) (xy 5.467994 -1.502383) (xy 5.612157 -1.646546) (xy 5.725425 -1.816064) (xy 5.803446 -2.004422)
        (xy 5.84322 -2.204381) (xy 5.84322 -2.408259) (xy 5.803446 -2.608218) (xy 5.725425 -2.796576) (xy 5.612157 -2.966094)
        (xy 5.467994 -3.110257) (xy 5.298476 -3.223525) (xy 5.110118 -3.301546) (xy 4.910159 -3.34132) (xy 4.706281 -3.34132)
        (xy 4.506322 -3.301546) (xy 4.317964 -3.223525) (xy 4.148446 -3.110257) (xy 4.077189 -3.039) (xy 3.504545 -3.039)
        (xy 3.474405 -3.095387) (xy 3.363962 -3.229962) (xy 3.276184 -3.302) (xy 3.363962 -3.374038) (xy 3.468568 -3.5015)
        (xy 6.14645 -3.5015) (xy 6.187 -3.497506) (xy 6.22755 -3.5015) (xy 6.227553 -3.5015) (xy 6.348826 -3.513444)
        (xy 6.504434 -3.560647) (xy 6.647842 -3.637301) (xy 6.750961 -3.721928) (xy 6.781905 -3.721928) (xy 6.768815 -3.711185)
        (xy 6.689463 -3.614494) (xy 6.630498 -3.50418) (xy 6.594188 -3.384482) (xy 6.581928 -3.26) (xy 6.581928 -2.36)
